The Random Vectors,Approximations of said vectors,Number of Iterations
"[[ 0.0473714 ]
 [ 0.05894558]
 [ 0.06947314]]",[ 0.0473695   0.05894697  0.06947343],8
"[[ 0.04737013]
 [ 0.05894497]
 [ 0.06947371]]",[ 0.09473911  0.11789373  0.13894686],8
"[[ 0.04736959]
 [ 0.0589474 ]
 [ 0.06947329]]",[ 0.14210765  0.17684114  0.2084205 ],9
"[[ 0.047369  ]
 [ 0.05894736]
 [ 0.0694735 ]]",[ 0.18947614  0.23578852  0.27789416],9
"[[ 0.04736977]
 [ 0.05894703]
 [ 0.06947332]]",[ 0.23684485  0.29473584  0.34736776],9
"[[ 0.04736983]
 [ 0.05894699]
 [ 0.06947331]]",[ 0.28421358  0.35368314  0.41684135],9
"[[ 0.0473705 ]
 [ 0.05894521]
 [ 0.06947353]]",[ 0.33158314  0.41262998  0.48631479],8
"[[ 0.04736831]
 [ 0.05894672]
 [ 0.06947388]]",[ 0.37895181  0.47157717  0.55578844],8
"[[ 0.04736977]
 [ 0.05894692]
 [ 0.06947334]]",[ 0.42632057  0.53052446  0.62526203],9
"[[ 0.04736922]
 [ 0.05894548]
 [ 0.06947389]]",[ 0.47368987  0.58947134  0.69473554],8
"[[ 0.04736962]
 [ 0.05894732]
 [ 0.0694733 ]]",[ 0.52105844  0.64841873  0.76420917],9
"[[ 0.04736846]
 [ 0.05894537]
 [ 0.06947417]]",[ 0.5684277   0.70736556  0.83368271],8
"[[ 0.04736975]
 [ 0.05894706]
 [ 0.06947332]]",[ 0.61579639  0.76631288  0.90315632],9
"[[ 0.04736938]
 [ 0.05894736]
 [ 0.06947337]]",[ 0.66316492  0.82526027  0.97262996],9
"[[ 0.04736911]
 [ 0.05894662]
 [ 0.06947364]]",[ 0.71053374  0.88420745  1.04210356],8
"[[ 0.04737137]
 [ 0.05894587]
 [ 0.06947308]]",[ 0.75790311  0.9431545   1.11157701],8
"[[ 0.04736963]
 [ 0.0589451 ]
 [ 0.06947385]]",[ 0.80527261  1.00210129  1.18105048],8
"[[ 0.04737132]
 [ 0.05894638]
 [ 0.06947297]]",[ 0.85264176  1.06104847  1.25052396],8
"[[ 0.04736894]
 [ 0.05894742]
 [ 0.0694735 ]]",[ 0.90001022  1.11999587  1.31999763],9
"[[ 0.04736909]
 [ 0.05894741]
 [ 0.06947345]]",[ 0.9473787   1.17894326  1.38947128],9
"[[ 0.0473696 ]
 [ 0.05894618]
 [ 0.06947359]]",[ 0.99474774  1.23789034  1.45894483],8
"[[ 0.04736954]
 [ 0.05894708]
 [ 0.06947338]]",[ 1.04211641  1.29683766  1.52841845],9
"[[ 0.04736975]
 [ 0.05894693]
 [ 0.06947335]]",[ 1.08948516  1.35578495  1.59789204],9
"[[ 0.04737091]
 [ 0.05894583]
 [ 0.06947324]]",[ 1.1368545   1.41473197  1.66736551],8
"[[ 0.04736914]
 [ 0.05894511]
 [ 0.06947401]]",[ 1.18422394  1.47367875  1.736839  ],8
"[[ 0.04736956]
 [ 0.05894731]
 [ 0.06947332]]",[ 1.23159251  1.53262613  1.80631263],9
"[[ 0.047369  ]
 [ 0.05894739]
 [ 0.06947349]]",[ 1.27896099  1.59157352  1.87578629],9
"[[ 0.04736933]
 [ 0.05894733]
 [ 0.06947339]]",[ 1.32632953  1.65052091  1.94525993],9
"[[ 0.04736909]
 [ 0.05894674]
 [ 0.06947362]]",[ 1.37369828  1.70946812  2.01473354],9
"[[ 0.04736894]
 [ 0.05894667]
 [ 0.06947368]]",[ 1.42106705  1.76841532  2.08420715],8
"[[ 0.04736687]
 [ 0.0589469 ]
 [ 0.06947432]]",[ 1.4684355   1.82736252  2.15368087],7
"[[ 0.04737066]
 [ 0.05894554]
 [ 0.06947339]]",[ 1.51580493  1.88630945  2.22315433],8
"[[ 0.0473695 ]
 [ 0.05894722]
 [ 0.06947336]]",[ 1.56317353  1.94525681  2.29262795],9
"[[ 0.04737005]
 [ 0.05894711]
 [ 0.06947321]]",[ 1.61054224  2.00420416  2.36210155],9
"[[ 0.04736935]
 [ 0.05894736]
 [ 0.06947338]]",[ 1.65791077  2.06315155  2.43157519],9
"[[ 0.04737015]
 [ 0.0589471 ]
 [ 0.06947318]]",[ 1.70527949  2.12209889  2.50104878],9
"[[ 0.04737018]
 [ 0.05894707]
 [ 0.06947317]]",[ 1.75264823  2.18104623  2.57052237],9
"[[ 0.04737002]
 [ 0.05894728]
 [ 0.06947317]]",[ 1.80001687  2.23999362  2.63999597],9
"[[ 0.04736977]
 [ 0.05894727]
 [ 0.06947326]]",[ 1.84738548  2.298941    2.70946959],9
"[[ 0.047371  ]
 [ 0.05894596]
 [ 0.06947318]]",[ 1.89475477  2.35788806  2.77894306],8
"[[ 0.04737035]
 [ 0.05894534]
 [ 0.06947355]]",[ 1.94212425  2.41683493  2.84841652],8
"[[ 0.04736963]
 [ 0.0589471 ]
 [ 0.06947335]]",[ 1.98949292  2.47578226  2.91789013],9
"[[ 0.04736929]
 [ 0.05894538]
 [ 0.06947389]]",[ 2.03686227  2.53472911  2.98736363],8
"[[ 0.04736742]
 [ 0.05894629]
 [ 0.06947429]]",[ 2.08423103  2.59367616  3.05683728],8
"[[ 0.04736964]
 [ 0.05894699]
 [ 0.06947337]]",[ 2.13159974  2.65262346  3.12631089],9
"[[ 0.04736932]
 [ 0.0589474 ]
 [ 0.06947338]]",[ 2.17896825  2.71157086  3.19578453],9
"[[ 0.04737024]
 [ 0.05894706]
 [ 0.06947316]]",[ 2.226337    2.7705182   3.26525812],9
"[[ 0.04736716]
 [ 0.05894652]
 [ 0.06947432]]",[ 2.27370564  2.8294653   3.3347318 ],8
"[[ 0.04736941]
 [ 0.05894737]
 [ 0.06947335]]",[ 2.32107417  2.8884127   3.40420544],9
"[[ 0.04737045]
 [ 0.05894693]
 [ 0.06947312]]",[ 2.368443  2.94736   3.473679],9
"[[ 0.0473694 ]
 [ 0.05894711]
 [ 0.06947342]]",[ 2.41581163  3.00630733  3.54315262],9
"[[ 0.04736926]
 [ 0.05894527]
 [ 0.06947393]]",[ 2.46318102  3.06525415  3.61262612],8
"[[ 0.04737097]
 [ 0.05894524]
 [ 0.06947336]]",[ 2.51055061  3.12420102  3.68209954],8
"[[ 0.04736974]
 [ 0.0589473 ]
 [ 0.06947326]]",[ 2.55791921  3.18314841  3.75157316],9
"[[ 0.04737032]
 [ 0.05894684]
 [ 0.06947318]]",[ 2.60528806  3.24209568  3.82104673],9
"[[ 0.04737029]
 [ 0.0589468 ]
 [ 0.0694732 ]]",[ 2.65265692  3.30104295  3.89052029],9
"[[ 0.04737016]
 [ 0.05894718]
 [ 0.06947315]]",[ 2.70002562  3.35999032  3.95999388],9
"[[ 0.04736916]
 [ 0.05894735]
 [ 0.06947344]]",[ 2.74739413  3.4189377   4.02946753],8
"[[ 0.04737   ]
 [ 0.05894688]
 [ 0.06947328]]",[ 2.79476293  3.47788498  4.09894111],9
"[[ 0.04736908]
 [ 0.05894731]
 [ 0.06947348]]",[ 2.84213144  3.53683235  4.16841476],9
"[[ 0.04737165]
 [ 0.05894505]
 [ 0.06947319]]",[ 2.88950119  3.59577918  4.23788814],8
"[[ 0.04737002]
 [ 0.05894709]
 [ 0.06947322]]",[ 2.9368699   3.65472652  4.30736174],9
"[[ 0.04737176]
 [ 0.05894526]
 [ 0.0694731 ]]",[ 2.98423958  3.71367341  4.37683512],8
"[[ 0.04736807]
 [ 0.05894708]
 [ 0.06947387]]",[ 3.03160808  3.77262069  4.4463088 ],8
"[[ 0.04736709]
 [ 0.0589458 ]
 [ 0.06947452]]",[ 3.07897701  3.8315676   4.51578243],8
"[[ 0.0473697 ]
 [ 0.05894641]
 [ 0.0694735 ]]",[ 3.12634597  3.89051474  4.58525599],7
"[[ 0.04736989]
 [ 0.05894737]
 [ 0.06947319]]",[ 3.17371455  3.94946215  4.65472961],9
"[[ 0.04736938]
 [ 0.05894734]
 [ 0.06947337]]",[ 3.22108309  4.00840954  4.72420325],9
"[[ 0.04736996]
 [ 0.05894721]
 [ 0.06947321]]",[ 3.26845175  4.06735691  4.79367686],9
"[[ 0.04736913]
 [ 0.05894733]
 [ 0.06947346]]",[ 3.31582027  4.12630428  4.86315051],8
"[[ 0.04736919]
 [ 0.0589473 ]
 [ 0.06947344]]",[ 3.3631888   4.18525166  4.93262415],9
"[[ 0.04737008]
 [ 0.05894727]
 [ 0.06947316]]",[ 3.41055745  4.24419904  5.00209776],8
"[[ 0.04736956]
 [ 0.0589474 ]
 [ 0.0694733 ]]",[ 3.45792598  4.30314645  5.07157139],9
"[[ 0.04737   ]
 [ 0.05894704]
 [ 0.06947324]]",[ 3.50529471  4.36209378  5.14104499],9
"[[ 0.04737005]
 [ 0.05894702]
 [ 0.06947323]]",[ 3.55266346  4.4210411   5.21051857],9
"[[ 0.04737028]
 [ 0.05894692]
 [ 0.06947318]]",[ 3.60003227  4.4799884   5.27999214],9
"[[ 0.04736984]
 [ 0.05894725]
 [ 0.06947324]]",[ 3.6474009   4.53893577  5.34946576],9
"[[ 0.04736923]
 [ 0.05894729]
 [ 0.06947344]]",[ 3.69476944  4.59788314  5.4189394 ],9
"[[ 0.0473698 ]
 [ 0.0589469 ]
 [ 0.06947334]]",[ 3.74213821  4.65683042  5.48841299],9
"[[ 0.04737068]
 [ 0.0589452 ]
 [ 0.06947347]]",[ 3.78950779  4.71577726  5.55788642],8
"[[ 0.04736964]
 [ 0.05894741]
 [ 0.06947327]]",[ 3.83687633  4.77472468  5.62736005],9
"[[ 0.04736932]
 [ 0.05894741]
 [ 0.06947337]]",[ 3.88424483  4.83367208  5.6968337 ],8
"[[ 0.04736973]
 [ 0.05894735]
 [ 0.06947325]]",[ 3.9316134   4.89261948  5.76630733],9
"[[ 0.04736827]
 [ 0.05894676]
 [ 0.06947388]]",[ 3.97898206  4.95156669  5.83578098],8
"[[ 0.04737173]
 [ 0.05894583]
 [ 0.06947297]]",[ 4.02635149  5.01051373  5.90525441],8
"[[ 0.04737009]
 [ 0.05894698]
 [ 0.06947322]]",[ 4.07372026  5.06946104  5.97472799],9
"[[ 0.04736981]
 [ 0.05894713]
 [ 0.06947328]]",[ 4.12108893  5.12840838  6.04420159],9
"[[ 0.0473697 ]
 [ 0.05894699]
 [ 0.06947335]]",[ 4.16845765  5.18735568  6.1136752 ],9
"[[ 0.04737031]
 [ 0.05894509]
 [ 0.06947362]]",[ 4.21582723  5.24630249  6.18314863],8
"[[ 0.04736962]
 [ 0.05894699]
 [ 0.06947338]]",[ 4.26319594  5.30524978  6.25262224],9
"[[ 0.04737035]
 [ 0.05894689]
 [ 0.06947316]]",[ 4.31056478  5.36419708  6.3220958 ],9
"[[ 0.04736903]
 [ 0.0589474 ]
 [ 0.06947347]]",[ 4.35793326  5.42314447  6.39156946],9
"[[ 0.04737046]
 [ 0.05894684]
 [ 0.06947314]]",[ 4.40530213  5.48209175  6.46104302],9
"[[ 0.04736962]
 [ 0.05894699]
 [ 0.06947338]]",[ 4.45267084  5.54103905  6.53051662],9
"[[ 0.0473679 ]
 [ 0.05894661]
 [ 0.06947405]]",[ 4.50003952  5.5999862   6.59999028],8
"[[ 0.04736943]
 [ 0.05894724]
 [ 0.06947338]]",[ 4.5474081   5.65893356  6.66946391],9
"[[ 0.04736904]
 [ 0.05894743]
 [ 0.06947346]]",[ 4.59477657  5.71788096  6.73893757],9
"[[ 0.04737023]
 [ 0.05894717]
 [ 0.06947313]]",[ 4.64214527  5.77682833  6.80841116],9
"[[ 0.04736802]
 [ 0.05894713]
 [ 0.06947388]]",[ 4.68951375  5.83577562  6.87788485],8
"[[ 0.0473703 ]
 [ 0.05894697]
 [ 0.06947316]]",[ 4.73688254  5.89472293  6.94735842],9
