The Random Vectors,Approximations of said vectors,Number of Iterations
"[[ 0.04736946]
 [ 0.05894836]
 [ 0.0694745 ]]",[ 0.04736766  0.05894664  0.06947309],38
"[[ 0.04736736]
 [ 0.05894636]
 [ 0.06947286]]",[ 0.0473692   0.05894811  0.06947429],43
"[[ 0.04736943]
 [ 0.05894833]
 [ 0.06947447]]",[ 0.04736768  0.05894667  0.06947311],42
"[[ 0.04736945]
 [ 0.05894834]
 [ 0.06947448]]",[ 0.04736767  0.05894665  0.0694731 ],42
"[[ 0.0473671 ]
 [ 0.05894612]
 [ 0.06947266]]",[ 0.04736939  0.05894829  0.06947444],39
"[[ 0.04736947]
 [ 0.05894836]
 [ 0.0694745 ]]",[ 0.04736765  0.05894664  0.06947308],42
"[[ 0.04736957]
 [ 0.05894846]
 [ 0.06947458]]",[ 0.04736758  0.05894657  0.06947303],42
"[[ 0.04736712]
 [ 0.05894614]
 [ 0.06947267]]",[ 0.04736937  0.05894827  0.06947443],41
"[[ 0.04736714]
 [ 0.05894616]
 [ 0.06947269]]",[ 0.04736936  0.05894825  0.06947441],41
"[[ 0.04736723]
 [ 0.05894624]
 [ 0.06947276]]",[ 0.0473693   0.0589482   0.06947436],41
"[[ 0.04736968]
 [ 0.05894856]
 [ 0.06947466]]",[ 0.0473675   0.05894649  0.06947297],40
"[[ 0.04736715]
 [ 0.05894617]
 [ 0.0694727 ]]",[ 0.04736935  0.05894825  0.06947441],41
"[[ 0.04736977]
 [ 0.05894865]
 [ 0.06947473]]",[ 0.04736743  0.05894643  0.06947291],42
"[[ 0.04736943]
 [ 0.05894832]
 [ 0.06947447]]",[ 0.04736768  0.05894667  0.06947311],44
"[[ 0.04736729]
 [ 0.0589463 ]
 [ 0.0694728 ]]",[ 0.04736925  0.05894815  0.06947433],41
"[[ 0.04736724]
 [ 0.05894625]
 [ 0.06947276]]",[ 0.04736929  0.05894819  0.06947436],43
"[[ 0.04736736]
 [ 0.05894637]
 [ 0.06947286]]",[ 0.0473692   0.0589481   0.06947429],43
"[[ 0.04736705]
 [ 0.05894607]
 [ 0.06947262]]",[ 0.04736943  0.05894832  0.06947447],41
"[[ 0.04736736]
 [ 0.05894637]
 [ 0.06947286]]",[ 0.0473692   0.0589481   0.06947429],39
"[[ 0.04736738]
 [ 0.05894638]
 [ 0.06947287]]",[ 0.04736919  0.05894809  0.06947428],43
"[[ 0.0473672 ]
 [ 0.05894621]
 [ 0.06947274]]",[ 0.04736931  0.05894821  0.06947438],43
"[[ 0.04736968]
 [ 0.05894856]
 [ 0.06947467]]",[ 0.0473675   0.05894649  0.06947296],42
"[[ 0.04736968]
 [ 0.05894856]
 [ 0.06947467]]",[ 0.0473675   0.05894649  0.06947296],42
"[[ 0.04736726]
 [ 0.05894627]
 [ 0.06947278]]",[ 0.04736927  0.05894817  0.06947434],41
"[[ 0.04736727]
 [ 0.05894627]
 [ 0.06947279]]",[ 0.04736927  0.05894817  0.06947434],41
"[[ 0.04736727]
 [ 0.05894628]
 [ 0.06947279]]",[ 0.04736926  0.05894817  0.06947434],37
"[[ 0.04736974]
 [ 0.05894862]
 [ 0.06947471]]",[ 0.04736746  0.05894645  0.06947293],42
"[[ 0.04736734]
 [ 0.05894634]
 [ 0.06947284]]",[ 0.04736922  0.05894812  0.0694743 ],43
"[[ 0.04736956]
 [ 0.05894845]
 [ 0.06947457]]",[ 0.04736758  0.05894658  0.06947303],42
"[[ 0.04736739]
 [ 0.05894639]
 [ 0.06947288]]",[ 0.04736918  0.05894808  0.06947427],41
"[[ 0.04736739]
 [ 0.05894639]
 [ 0.06947288]]",[ 0.04736918  0.05894809  0.06947427],41
"[[ 0.04736956]
 [ 0.05894844]
 [ 0.06947457]]",[ 0.04736759  0.05894658  0.06947304],42
"[[ 0.0473696 ]
 [ 0.05894849]
 [ 0.0694746 ]]",[ 0.04736756  0.05894655  0.06947301],42
"[[ 0.04736969]
 [ 0.05894857]
 [ 0.06947467]]",[ 0.04736749  0.05894649  0.06947296],42
"[[ 0.04736713]
 [ 0.05894615]
 [ 0.06947268]]",[ 0.04736936  0.05894826  0.06947442],41
"[[ 0.0473672 ]
 [ 0.05894622]
 [ 0.06947274]]",[ 0.04736931  0.05894821  0.06947438],43
"[[ 0.04736956]
 [ 0.05894845]
 [ 0.06947457]]",[ 0.04736759  0.05894658  0.06947304],40
"[[ 0.04736978]
 [ 0.05894866]
 [ 0.06947474]]",[ 0.04736742  0.05894642  0.06947291],42
"[[ 0.04736738]
 [ 0.05894638]
 [ 0.06947287]]",[ 0.04736919  0.05894809  0.06947428],43
"[[ 0.04736944]
 [ 0.05894834]
 [ 0.06947448]]",[ 0.04736767  0.05894666  0.0694731 ],40
"[[ 0.04736978]
 [ 0.05894865]
 [ 0.06947474]]",[ 0.04736743  0.05894643  0.06947291],40
"[[ 0.04736949]
 [ 0.05894838]
 [ 0.06947452]]",[ 0.04736764  0.05894663  0.06947307],40
"[[ 0.04736965]
 [ 0.05894853]
 [ 0.06947464]]",[ 0.04736752  0.05894652  0.06947299],40
"[[ 0.04736964]
 [ 0.05894852]
 [ 0.06947463]]",[ 0.04736753  0.05894652  0.06947299],42
"[[ 0.04736706]
 [ 0.05894608]
 [ 0.06947262]]",[ 0.04736942  0.05894832  0.06947446],41
"[[ 0.04736974]
 [ 0.05894862]
 [ 0.06947471]]",[ 0.04736745  0.05894645  0.06947293],42
"[[ 0.04736735]
 [ 0.05894635]
 [ 0.06947285]]",[ 0.04736921  0.05894811  0.06947429],43
"[[ 0.04736713]
 [ 0.05894615]
 [ 0.06947268]]",[ 0.04736937  0.05894826  0.06947442],35
"[[ 0.04736973]
 [ 0.05894861]
 [ 0.0694747 ]]",[ 0.04736746  0.05894646  0.06947294],42
"[[ 0.04736736]
 [ 0.05894636]
 [ 0.06947286]]",[ 0.0473692   0.0589481   0.06947429],41
"[[ 0.04736707]
 [ 0.05894609]
 [ 0.06947263]]",[ 0.04736941  0.05894831  0.06947446],41
"[[ 0.04736958]
 [ 0.05894846]
 [ 0.06947458]]",[ 0.04736757  0.05894657  0.06947303],42
"[[ 0.04736706]
 [ 0.05894608]
 [ 0.06947263]]",[ 0.04736942  0.05894831  0.06947446],41
"[[ 0.04736969]
 [ 0.05894857]
 [ 0.06947467]]",[ 0.04736749  0.05894649  0.06947296],42
"[[ 0.04736946]
 [ 0.05894836]
 [ 0.0694745 ]]",[ 0.04736766  0.05894664  0.06947309],44
"[[ 0.04736741]
 [ 0.05894641]
 [ 0.06947289]]",[ 0.04736917  0.05894807  0.06947426],41
"[[ 0.04736977]
 [ 0.05894865]
 [ 0.06947473]]",[ 0.04736743  0.05894643  0.06947291],42
"[[ 0.04736736]
 [ 0.05894637]
 [ 0.06947286]]",[ 0.0473692   0.0589481   0.06947429],43
"[[ 0.0473673 ]
 [ 0.05894631]
 [ 0.06947281]]",[ 0.04736924  0.05894815  0.06947432],43
"[[ 0.04736957]
 [ 0.05894846]
 [ 0.06947458]]",[ 0.04736758  0.05894657  0.06947303],40
"[[ 0.04736951]
 [ 0.0589484 ]
 [ 0.06947453]]",[ 0.04736762  0.05894661  0.06947306],42
"[[ 0.04736737]
 [ 0.05894637]
 [ 0.06947287]]",[ 0.04736919  0.0589481   0.06947428],43
"[[ 0.0473674 ]
 [ 0.0589464 ]
 [ 0.06947289]]",[ 0.04736917  0.05894808  0.06947426],41
"[[ 0.04736955]
 [ 0.05894843]
 [ 0.06947456]]",[ 0.0473676   0.05894659  0.06947304],42
"[[ 0.04736737]
 [ 0.05894637]
 [ 0.06947286]]",[ 0.04736919  0.0589481   0.06947428],43
"[[ 0.04736722]
 [ 0.05894623]
 [ 0.06947275]]",[ 0.0473693   0.0589482   0.06947437],33
"[[ 0.04736979]
 [ 0.05894867]
 [ 0.06947475]]",[ 0.04736742  0.05894642  0.0694729 ],42
"[[ 0.04736705]
 [ 0.05894607]
 [ 0.06947262]]",[ 0.04736943  0.05894832  0.06947447],43
"[[ 0.04736951]
 [ 0.0589484 ]
 [ 0.06947453]]",[ 0.04736762  0.05894661  0.06947306],42
"[[ 0.04736728]
 [ 0.05894628]
 [ 0.06947279]]",[ 0.04736926  0.05894816  0.06947434],43
"[[ 0.04736717]
 [ 0.05894618]
 [ 0.06947271]]",[ 0.04736934  0.05894824  0.0694744 ],37
"[[ 0.04736967]
 [ 0.05894855]
 [ 0.06947465]]",[ 0.04736751  0.0589465   0.06947297],40
"[[ 0.04736714]
 [ 0.05894616]
 [ 0.06947269]]",[ 0.04736936  0.05894826  0.06947441],41
"[[ 0.04736716]
 [ 0.05894617]
 [ 0.0694727 ]]",[ 0.04736935  0.05894824  0.0694744 ],43
"[[ 0.04736732]
 [ 0.05894633]
 [ 0.06947283]]",[ 0.04736922  0.05894813  0.06947431],41
"[[ 0.04736715]
 [ 0.05894616]
 [ 0.06947269]]",[ 0.04736936  0.05894825  0.06947441],43
"[[ 0.04736949]
 [ 0.05894838]
 [ 0.06947452]]",[ 0.04736764  0.05894663  0.06947307],42
"[[ 0.04736727]
 [ 0.05894628]
 [ 0.06947279]]",[ 0.04736927  0.05894817  0.06947434],43
"[[ 0.04736707]
 [ 0.05894609]
 [ 0.06947263]]",[ 0.04736941  0.05894831  0.06947445],39
"[[ 0.04736723]
 [ 0.05894624]
 [ 0.06947276]]",[ 0.0473693   0.0589482   0.06947436],43
"[[ 0.0473697 ]
 [ 0.05894858]
 [ 0.06947468]]",[ 0.04736748  0.05894648  0.06947295],42
"[[ 0.0473671 ]
 [ 0.05894612]
 [ 0.06947266]]",[ 0.04736939  0.05894829  0.06947444],43
"[[ 0.04736715]
 [ 0.05894616]
 [ 0.06947269]]",[ 0.04736935  0.05894825  0.06947441],41
"[[ 0.04736734]
 [ 0.05894635]
 [ 0.06947285]]",[ 0.04736921  0.05894812  0.0694743 ],41
"[[ 0.04736957]
 [ 0.05894846]
 [ 0.06947458]]",[ 0.04736758  0.05894657  0.06947303],42
"[[ 0.04736733]
 [ 0.05894634]
 [ 0.06947284]]",[ 0.04736922  0.05894812  0.0694743 ],41
"[[ 0.04736731]
 [ 0.05894632]
 [ 0.06947282]]",[ 0.04736923  0.05894814  0.06947432],43
"[[ 0.04736711]
 [ 0.05894613]
 [ 0.06947267]]",[ 0.04736938  0.05894828  0.06947443],41
"[[ 0.04736967]
 [ 0.05894856]
 [ 0.06947466]]",[ 0.0473675   0.0589465   0.06947297],42
"[[ 0.04736738]
 [ 0.05894638]
 [ 0.06947287]]",[ 0.04736919  0.05894809  0.06947428],41
"[[ 0.04736717]
 [ 0.05894618]
 [ 0.06947271]]",[ 0.04736934  0.05894824  0.0694744 ],43
"[[ 0.04736952]
 [ 0.05894841]
 [ 0.06947454]]",[ 0.04736762  0.05894661  0.06947306],42
"[[ 0.04736715]
 [ 0.05894617]
 [ 0.0694727 ]]",[ 0.04736935  0.05894825  0.06947441],41
"[[ 0.04736711]
 [ 0.05894613]
 [ 0.06947267]]",[ 0.04736938  0.05894828  0.06947443],41
"[[ 0.04736964]
 [ 0.05894852]
 [ 0.06947463]]",[ 0.04736753  0.05894652  0.06947299],42
"[[ 0.04736726]
 [ 0.05894626]
 [ 0.06947278]]",[ 0.04736928  0.05894818  0.06947435],41
"[[ 0.04736946]
 [ 0.05894835]
 [ 0.06947449]]",[ 0.04736766  0.05894665  0.06947309],42
"[[ 0.04736723]
 [ 0.05894624]
 [ 0.06947276]]",[ 0.04736929  0.05894819  0.06947436],43
"[[ 0.04736714]
 [ 0.05894616]
 [ 0.06947269]]",[ 0.04736936  0.05894826  0.06947441],39
"[[ 0.0473671 ]
 [ 0.05894612]
 [ 0.06947266]]",[ 0.04736939  0.05894828  0.06947444],41
